You are given some examples of encrypted integers and decoded messages.
Then, please decrypt the integer array below to get the flag.

CipherText: -44, -34, -15, 25, 88, 4, -87, -108, 12, 55, -14, 110, 14, -65, -114, -89, -99, -62, 2, -111, -123, 22, -21, -92, 32, -101, 33, 121, -13, 31, -126, -84, 5, 109, 5, 113, -121, -103, -89, 106, 58, 67, -111, -69, 69, 114, -102, 2, 108, -8, -10, -47, -51, -69, 64, -45, -25, 120, -121, -51, 66, -87, 115, 76, -70, 88, -22, -38, 103, 58, 80, 94
PlainText: Hello? Hello? Anybody home?

CipherText: -43, -86, -19, 6, 99, 27, -64, -36, 16, 64, -44, 116, 8, -80, -89, -71, -121, -103, -89, 106, 58, 67, -111, -69, 69, 114, -102, 2, 108, -8, -10, -47
PlainText: Great Scott!

CipherText: -48, 35, -55, -93, 63, -103, 81, 85, 54, 1, -108, -4, -16, 77, 5, 58, -5, -57, 15, -106, -112, -92, -119, -126, -55, -80, -75, -27, 41, 27, 11, -71, -59, 33, 112, -75, 19, -95, -1, 50, -127, 18, -121, -21, 103, -87, 11, 24, 103, 84, -16, -53, -90, 127, 60, 79, -97, -127, 54, -64, -56, -106, -72, -22, -88, -126, -29, -125, 125, 92, 93, -51, -89, 19, 69, -35, 73, -26, -87, 11
PlainText = Flag?

As always, the flag starts with “CSG_FLAG”, you know.