1111111001000001010001000001101111111
1000001011101010010100000001101000001
1011101000010001111000101000101011101
1011101010000010100000000010101011101
1011101000010110011000010111101011101
1000001010000000000000001111101000001
1111111010101010101010101010101111111
0000000001010001010001000011000000000
1111101111100000010100101010010101010
0001000000011100000011000000100100001
0011001000111110000111110001101001111
0000010101110111001100111000111110001
0011101001100011001100011110011010111
0000000001100011011000011110100101111
0000001001100011011000011011111010111
0000100101100011011000011010110100010
1000001001100011011100011100011011101
1110000001100011001100011000111101001
0000011001111111001111110101010110111
1000000000111110000111110011010110011
0000001100000000000000000000011101101
1000010101111100000011100010100101101
0000111001111111001111110101011011011
0001000001100011001100010101110100011
1100011101100011001100000001111011110
1010000001100011001110000100100101101
1000111101100011000111100001100100011
1010000001111111000001110010111000010
1010011101111100000000111010111110100
0000000011100000000000111000100011001
1111111011100000001111110011101011111
1000001001100000001111100000100010011
1011101010000000000000000011111110011
1011101010010110001100001011111010100
1011101010000110111000110001000100101
1000001010001000001100000100101000001
1111111011000000000001010010011111111
