1111111001010000001111000111101111111
1000001010100100011000010111001000001
1011101000110100110010011010001011101
1011101011100101011000101010001011101
1011101000100011010011100110101011101
1000001011101000000100011111001000001
1111111010101010101010101010101111111
0000000000000000000000000001100000000
1111101111000110001111110011110101010
0100000011000110011111110110100100001
0010001011000110011000000111101001111
0000000011001100110000000001011110001
1010101011011100110000000111011010111
0011000011111000110000000110100101111
0011011011111100111000000011111110111
0110100011001100011000000011000110010
1001001011001110011100000101011101101
0100010011000110001111110000111100001
0110001000000000000011100101010011111
0100110000000000000000000011010100011
1001101001111100001111110000011011101
0000000011111100011111110010100100101
0000011011000000011000000101011101011
1100000011000000110000000101100010011
1101101001110000011000000001111111110
1000000000111100110000000100100101001
1010001000001100110000000101110100011
1011010000000110111000000110101000010
1000001010001110011100000000111111100
0000000011111100001111110010100010001
1111111011111000000111100001101010111
1000001000000000000000000010100010011
1011101010110110000010100001111110011
1011101011000011101000000000111010100
1011101010110101000000001000000100101
1000001010100000000000000001101010001
1111111011010011101011111000011111111
